$ANSIBLE_VAULT;1.1;AES256
32386562316336336232646136336561353661393632663837363230646433306363373232373361
6163333230383835346630663231366435636466373864310a613634343237343033356263633534
33653265386631623535386538333966353666643432656538316539623334303833316138386461
3736643039613139330a663432663137343231663564653061653139666537653665323664633935
35666562373830316666373831333032333737613530383332356435623033643035383236636461
31653563353161653430373139623330653631636464376336623134313235653337656466393966
62303564626435303537656466323962383737616530313231373832396134656237393931656563
61313132616462636638656263303563346436336562363733656536626130323437393831356261
30623333636335306232646637326236646132316637373264633161636633393164316264313633
36303633623866363533323461393735376130626132663034306366353538333964623361363061
34636665396464653064303863333462666436663532313038363763643038363830663562623363
61393437393635376565383961396666356364313365316132363830613030396530366261306530
31383266393638366331626563386339323363316634643532626361323661613234623039663237
39323637333264323734353935633632626637353430333231623366313032353234393630656364
30323961653831656461376439376232636232656261303030353061653262613533313538636362
30353033666133323132633738343739623839613932616437663639613562306536633063633734
30626330666537643539303631646237323432316632363638663633653236396161363865376430
65376135636431386366326633336237323033613261386139383130303161313633326363323232
30613737366662613934396633376630323038623037633733643637383965366464353337643630
30343962616432306262333365393033663066303030313734626130393766666531333037346635
31376533386266303234663130663237396331666266633330333233383230663065333131373035
36303238323764383766626165613239343135333365353561363737396337393263323864653733
63643338663833303664373934376235306534316561623561663939346536386461656664323466
35623639393461386536653939666530643261336339386137626439326632303634376366616362
35366135326639663164336363393736613437353732633934616365663663396263666435616664
32643263383835653566653739636436653433313937373266316139653630363539313736346562
61643661343438643734346136623065363533623863326236303130653233666530313163656532
35373337393364613131
