$ANSIBLE_VAULT;1.1;AES256
34356537636531376134613664316565396635346237653362383336303036386537353830313931
3530393138393565656265393666656265383161336532330a646234383931663565633134643832
39313731396136653136333863393664623964386563623135333963643363393832333362303265
6264353431383839610a383065343334393838626337313865633264376562386139653162626163
64636138343463616236343763636661633566366431646566323338656163393464643035363761
66616238393034613539333964373833663565346133616232336534376237646633653335643435
36663631346336353637303865313066316565343332386335396266333630343337306563393833
34353763353736303135653836663338666662626263313962666534356464373932313461383131
31383937353533633162386538616562373438316534646332353633386463323731393139343162
32373930356635316134393964623663353534633031333934366463323534363630643664323530
61326132646263656464306434316634306139373535303962663762353866346565616363306334
32626665333962356265366463363064653337623830633930313761333137353536306531363166
30316561663132333037636565613638623732373337313935623964366133383564636238313833
65666139343065353437386233346335366262623662326336663830353233356237663762646235
34356231383961393263386461303062363661373738616461333561323132663433613437653261
31356363383435306132373634373566613031393037656237646339386666326134326530333432
63303332306361653664343266633161623161366661663332643738636636383532343462323735
36346236376462323233303233653239396136336635383533633062623337363035323732633535
62613238313262663031343666376665306239613263353266396565623861663263376134323263
36326265396537623536393737643165346666626533636132336664303465346362386337613863
34303636333031653037653834373531343566343933303231333164356637306633333332626665
33363564313666383761633964393236366662333231616238343636316635326635613137306332
66653265323566393036373733386538643363323537613633373937666131633536326532313162
66353761666266333039316364643535343637343763653364653566666266643066323633386532
39393139313038346131336337373336333164376131613865613330613431653765
